EC 59 60 1274
EC 60 61 91
EC 61 62 850
EC 62 63 950
EC 63 64 227
EC 64 65 1817
EC 65 66 2606
EC 66 67 160
EC 67 68 1483
EC 68 69 2655
EC 72 73 601
EC 73 74 577
EC 74 75 137
EC 75 76 2437
EC 76 77 7449
EC 77 78 2414
EC 78 79 444
EC 79 80 2405
EC 80 81 5213
EC 81 82 2137
EC 1764 1766 826
EC 1766 1767 816
EC 1818 1819 2558
EC 1819 1764 527
EC 1824 1825 1035
EC 1825 1818 1604
EC 1831 1832 1964
EC 1834 1835 2134
EC 1835 1824 516
EC 1832 1836 204
EC 1836 1834 1706
EC 1831 1843 1015
EC 1843 59 196
EC 82 1907 803
EC 1907 1025 111
EC 1862 1908 9484
EC 1908 1909 1035
EC 1909 1910 1420
EC 1910 1911 1102
EC 1911 1912 1031
EC 1912 1913 1418
EC 1913 1914 5570
EC 1914 1915 6581
EC 1915 1916 4893
EC 1916 1917 6388
EC 1933 1934 482
EC 1934 1935 4832
EC 3699 3700 98
EC 3699 3701 75
EC 3701 3702 1276
EC 3702 3703 534
EC 3703 3704 598
EC 3704 3705 472
EC 3705 3706 880
EC 3706 3707 691
EC 3707 3708 519
EC 3708 3709 515
EC 3709 3710 768
EC 3710 3711 534
EC 3711 3712 465
EC 3712 3713 436
EC 3714 3715 419
EC 3714 3716 409
EC 3719 1934 2685
EC 1933 3720 914
EC 3720 3721 814
EC 3721 3722 656
EC 3722 3723 644
EC 3723 3724 484
EC 3724 3725 307
EC 3725 3726 299
EC 3729 3730 300
EC 3730 3731 300
EC 3731 3732 297
EC 3733 3734 621
EC 3733 3735 450
EC 3735 3736 450
EC 3737 3738 130
EC 3737 3739 46
EC 3739 3740 300
EC 3740 3741 300
EC 3741 3742 17
EC 3742 3743 282
EC 3743 3744 151
EC 3744 3745 1643
EC 3745 3746 98
EC 3746 3747 179
EC 3747 3748 90
EC 3748 3749 108
EC 3749 3750 216
EC 3750 3751 324
EC 3751 3752 216
EC 3752 3753 324
EC 3753 3754 330
EC 3754 3755 96
EC 3755 3756 324
EC 3756 3757 215
EC 3757 3758 216
EC 3758 3759 216
EC 3759 3760 259
EC 3763 3764 796
EC 3769 3770 402
EC 3769 3771 448
EC 3771 3638 258
EC 3754 3886 185
EC 3887 3888 268
EC 3888 3889 272
EC 3889 3890 1372
EC 3902 3903 3730
EC 3906 3907 59
EC 3890 3906 360
EC 4035 4028 4533
EC 7327 7328 1025
EC 7328 7329 247
EC 7329 7330 1077
EC 7330 7331 246
EC 7331 7332 1150
EC 7332 7333 246
EC 7333 7334 1034
EC 7378 7327 2808
EC 7855 7856 955
EC 7856 7857 1973
EC 7857 7858 743
EC 7855 7885 792
EC 7885 7886 1162
EC 8623 8624 630
EC 4035 13374 2209
EC 13374 13375 462
EC 13375 13376 1158
EC 13376 4030 1328
EC 4030 13377 779
EC 13377 13378 63
EC 13378 13379 591
EC 13379 13424 990
EC 13424 13425 1729
EC 13425 13426 1845
EC 13426 1935 312
EC 15284 15285 26
EC 15288 15290 541
EC 15290 15291 838
EC 15294 15295 128
EC 15285 15331 56
EC 15332 15288 254
EC 15334 15335 288
EC 15335 15332 324
EC 15331 15334 324
EC 18149 18150 2441
EC 18150 18130 11895
EC 18189 18190 8550
EC 18190 18191 9514
EC 18191 18192 7068
EC 18192 18149 9709
EC 23549 23550 5358
EC 30133 30134 44
EC 31362 31363 463
EC 36761 36762 72
EC 36761 36763 86
EC 36763 36764 262
EC 36764 36765 392
EC 36765 36766 259
EC 36766 36767 337
EC 36767 36768 422
EC 36768 36769 383
EC 36867 30487 51
EC 28409 37042 193
EC 37042 37043 108
EC 37043 37044 109
EC 37044 37045 86
EC 37045 37046 87
EC 37046 37047 106
EC 37047 37048 4634
EC 37049 31362 878
EC 3903 37132 1859
EC 37654 37655 949
EC 37655 37656 667
EC 37686 37687 420
EC 37687 37656 2581
EC 37689 37690 637
EC 37689 37705 1230
EC 37705 30133 119
EC 37757 37758 482
EC 37757 37759 1404
EC 37759 37687 796
EC 37761 37762 360
EC 37762 30134 1314
EC 37761 3902 872
EC 3770 47436 157
EC 3886 3887 521
EC 48911 48912 10788
EC 49109 3907 344
EC 49829 49830 2404
EC 52195 48911 89
EC 56143 56144 148
EC 56144 56145 155
EC 56145 56146 242
EC 56146 56147 30
EC 56147 56148 30
EC 56151 56152 30
EC 56152 56153 30
EC 56432 56433 6020
EC 56433 56434 534
EC 56434 56435 3263
EC 56435 56436 1374
EC 49830 56432 144
EC 56436 56494 6990
EC 61337 49243 1153
EC 63068 63069 131
EC 56421 63068 275
EC 8324 64965 13
EC 64966 64967 34
EC 64967 64968 219
EC 64968 64969 632
EC 64969 64970 1019
EC 64970 64971 2280
EC 64971 64972 16734
EC 64972 64973 14248
EC 64973 64974 4344
EC 64974 64975 1196
EC 64975 64976 103
EC 64976 64977 643
EC 64977 64978 665
EC 65285 56494 2640
EC 65284 65286 10151
EC 63112 3638 332
EC 65528 65529 10519
EC 65534 65535 12641
EC 65535 2584 699
EC 65540 3774 7509
EC 49894 3789 13988
EC 65546 64257 1142
EC 65547 47436 31015
EC 65553 52195 473
EC 48912 49109 2627
EC 65558 4028 40880
EC 65559 65560 152
EC 65576 65577 3644
EC 65577 4901 1312
EC 65583 65586 606
EC 65603 7335 1238
EC 65609 7858 14027
EC 65620 8624 15825
EC 65621 65622 1076
EC 65637 65638 12460
EC 65646 11941 6811
EC 65649 9011 1653
EC 65656 65659 11610
EC 65659 9722 576
EC 65678 61657 10800
EC 61657 65685 1259
EC 65716 14856 3988
EC 14856 15179 6173
EC 65719 65721 12397
EC 65721 65722 407
EC 65726 65728 8015
EC 65728 15140 356
EC 65733 15295 16015
EC 65749 16451 1252
EC 16451 65751 2495
EC 65754 65756 2950
EC 65774 65775 12
EC 65789 65790 6407
EC 65790 20053 3040
EC 65794 61582 14522
EC 61582 65804 1010
EC 47080 65843 12894
EC 65854 27075 18844
EC 27075 65858 10078
EC 65861 65863 17636
EC 65881 27675 13986
EC 27675 27388 3245
EC 65922 65926 7913
EC 65940 65941 16093
EC 65942 4980 13797
EC 65948 65949 16116
EC 65949 29730 2969
EC 65969 36867 9431
EC 30487 65970 438
EC 65972 37654 15599
EC 65982 63735 11446
EC 63735 65560 1640
EC 65991 65992 14715
EC 66038 66040 13709
EC 66040 66041 18285
EC 66046 47033 12902
EC 66070 66071 16061
EC 66080 66081 15588
EC 66097 66100 3821
EC 66100 66101 10360
EC 66111 66112 2005
EC 66113 55060 695
EC 66112 66115 834
EC 66116 49829 6879
EC 65559 37758 387
EC 63069 66041 675
EC 37686 67032 1951
EC 67032 37690 763
EC 37132 67011 664
EC 67011 31363 58
EC 37049 67012 2375
EC 67012 37048 617
EC 36769 65970 20
EC 66115 56143 1140
EC 56148 66114 1153
EC 66114 56151 30
EC 56153 66113 574
EC 23550 61337 2223
EC 3774 64257 12756
EC 64257 39916 7663
EC 39916 63112 512
EC 3789 65546 136
EC 47436 65550 750
EC 65550 67734 1477
EC 67734 66206 67
EC 66206 3764 179
EC 3763 66200 45
EC 66200 3760 255
EC 3729 66202 69
EC 66202 3726 231
EC 15294 65747 186
EC 65747 15291 1586
EC 65529 1767 1180
EC 3719 66204 141
EC 66204 3716 308
EC 65586 67775 0
EC 69 66137 549
EC 66137 72 974
EC 8623 65621 1472
EC 65649 11941 105
EC 3738 3736 123
EC 3734 3732 377
EC 3715 3713 3
EC 3700 1917 324
EC 67775 65594 871
EC 7334 7335 1
EC 64965 64966 577
EC 65286 65285 635
EC 65775 67943 2
EC 67943 67935 845
EC 67935 18130 16337